From line 8 onwards is the output of a program that simulates a full game
with one-step lookahead (fullGame(1)). Each block prints who's turn it is,
the different valid moves they have, and move taken (if any). If a move is
taken, the board is printed out after applying the move. When there are no
moves, the turn is passed.
The two final lines print the expected outcome of fullGame and the winner.

Turn: 0
[19, 26, 37, 44]
Move taken: 19
-1      -1      -1      -1      -1      -1      -1      -1
-1      -1      -1      -1      -1      -1      -1      -1
-1      -1      -1      0       -1      -1      -1      -1
-1      -1      -1      0       0       -1      -1      -1
-1      -1      -1      0       1       -1      -1      -1
-1      -1      -1      -1      -1      -1      -1      -1
-1      -1      -1      -1      -1      -1      -1      -1
-1      -1      -1      -1      -1      -1      -1      -1
Turn: 1
[18, 20, 34]
Move taken: 18
-1      -1      -1      -1      -1      -1      -1      -1
-1      -1      -1      -1      -1      -1      -1      -1
-1      -1      1       0       -1      -1      -1      -1
-1      -1      -1      1       0       -1      -1      -1
-1      -1      -1      0       1       -1      -1      -1
-1      -1      -1      -1      -1      -1      -1      -1
-1      -1      -1      -1      -1      -1      -1      -1
-1      -1      -1      -1      -1      -1      -1      -1
Turn: 0
[17, 26, 37, 44]
Move taken: 17
-1      -1      -1      -1      -1      -1      -1      -1
-1      -1      -1      -1      -1      -1      -1      -1
-1      0       0       0       -1      -1      -1      -1
-1      -1      -1      1       0       -1      -1      -1
-1      -1      -1      0       1       -1      -1      -1
-1      -1      -1      -1      -1      -1      -1      -1
-1      -1      -1      -1      -1      -1      -1      -1
-1      -1      -1      -1      -1      -1      -1      -1
Turn: 1
[9, 11, 20, 29, 34, 43]
Move taken: 9
-1      -1      -1      -1      -1      -1      -1      -1
-1      1       -1      -1      -1      -1      -1      -1
-1      0       1       0       -1      -1      -1      -1
-1      -1      -1      1       0       -1      -1      -1
-1      -1      -1      0       1       -1      -1      -1
-1      -1      -1      -1      -1      -1      -1      -1
-1      -1      -1      -1      -1      -1      -1      -1
-1      -1      -1      -1      -1      -1      -1      -1
Turn: 0
[1, 26, 37, 44]
Move taken: 1
-1      0       -1      -1      -1      -1      -1      -1
-1      0       -1      -1      -1      -1      -1      -1
-1      0       1       0       -1      -1      -1      -1
-1      -1      -1      1       0       -1      -1      -1
-1      -1      -1      0       1       -1      -1      -1
-1      -1      -1      -1      -1      -1      -1      -1
-1      -1      -1      -1      -1      -1      -1      -1
-1      -1      -1      -1      -1      -1      -1      -1
Turn: 1
[0, 11, 16, 20, 29, 34, 43]
Move taken: 20
-1      0       -1      -1      -1      -1      -1      -1
-1      0       -1      -1      -1      -1      -1      -1
-1      0       1       1       1       -1      -1      -1
-1      -1      -1      1       1       -1      -1      -1
-1      -1      -1      0       1       -1      -1      -1
-1      -1      -1      -1      -1      -1      -1      -1
-1      -1      -1      -1      -1      -1      -1      -1
-1      -1      -1      -1      -1      -1      -1      -1
Turn: 0
[11, 21, 37, 45]
Move taken: 21
-1      0       -1      -1      -1      -1      -1      -1
-1      0       -1      -1      -1      -1      -1      -1
-1      0       0       0       0       0       -1      -1
-1      -1      -1      1       0       -1      -1      -1
-1      -1      -1      0       1       -1      -1      -1
-1      -1      -1      -1      -1      -1      -1      -1
-1      -1      -1      -1      -1      -1      -1      -1
-1      -1      -1      -1      -1      -1      -1      -1
Turn: 1
[0, 11, 12, 13, 29, 34, 43]
Move taken: 0
1       0       -1      -1      -1      -1      -1      -1
-1      1       -1      -1      -1      -1      -1      -1
-1      0       1       0       0       0       -1      -1
-1      -1      -1      1       0       -1      -1      -1
-1      -1      -1      0       1       -1      -1      -1
-1      -1      -1      -1      -1      -1      -1      -1
-1      -1      -1      -1      -1      -1      -1      -1
-1      -1      -1      -1      -1      -1      -1      -1
Turn: 0
[26, 34, 37, 44]
Move taken: 26
1       0       -1      -1      -1      -1      -1      -1
-1      1       -1      -1      -1      -1      -1      -1
-1      0       1       0       0       0       -1      -1
-1      -1      0       0       0       -1      -1      -1
-1      -1      -1      0       1       -1      -1      -1
-1      -1      -1      -1      -1      -1      -1      -1
-1      -1      -1      -1      -1      -1      -1      -1
-1      -1      -1      -1      -1      -1      -1      -1
Turn: 1
[2, 12, 16, 22, 25, 34]
Move taken: 22
1       0       -1      -1      -1      -1      -1      -1
-1      1       -1      -1      -1      -1      -1      -1
-1      0       1       1       1       1       1       -1
-1      -1      0       0       0       -1      -1      -1
-1      -1      -1      0       1       -1      -1      -1
-1      -1      -1      -1      -1      -1      -1      -1
-1      -1      -1      -1      -1      -1      -1      -1
-1      -1      -1      -1      -1      -1      -1      -1
Turn: 0
[10, 11, 12, 13, 14, 23, 37, 44, 45]
Move taken: 23
1       0       -1      -1      -1      -1      -1      -1
-1      1       -1      -1      -1      -1      -1      -1
-1      0       0       0       0       0       0       0
-1      -1      0       0       0       -1      -1      -1
-1      -1      -1      0       1       -1      -1      -1
-1      -1      -1      -1      -1      -1      -1      -1
-1      -1      -1      -1      -1      -1      -1      -1
-1      -1      -1      -1      -1      -1      -1      -1
Turn: 1
[2, 12, 25, 34]
Move taken: 12
1       0       -1      -1      -1      -1      -1      -1
-1      1       -1      -1      1       -1      -1      -1
-1      0       0       0       1       0       0       0
-1      -1      0       0       1       -1      -1      -1
-1      -1      -1      0       1       -1      -1      -1
-1      -1      -1      -1      -1      -1      -1      -1
-1      -1      -1      -1      -1      -1      -1      -1
-1      -1      -1      -1      -1      -1      -1      -1
Turn: 0
[3, 5, 13, 29, 37, 45]
Move taken: 37
1       0       -1      -1      -1      -1      -1      -1
-1      1       -1      -1      1       -1      -1      -1
-1      0       0       0       1       0       0       0
-1      -1      0       0       0       -1      -1      -1
-1      -1      -1      0       0       0       -1      -1
-1      -1      -1      -1      -1      -1      -1      -1
-1      -1      -1      -1      -1      -1      -1      -1
-1      -1      -1      -1      -1      -1      -1      -1
Turn: 1
[2, 16, 25, 30, 33, 34, 44, 45]
Move taken: 16
1       0       -1      -1      -1      -1      -1      -1
-1      1       -1      -1      1       -1      -1      -1
1       1       1       1       1       0       0       0
-1      -1      0       0       0       -1      -1      -1
-1      -1      -1      0       0       0       -1      -1
-1      -1      -1      -1      -1      -1      -1      -1
-1      -1      -1      -1      -1      -1      -1      -1
-1      -1      -1      -1      -1      -1      -1      -1
Turn: 0
[3, 4, 5, 8, 10, 11, 13, 25]
Move taken: 4
1       0       -1      -1      0       -1      -1      -1
-1      1       -1      -1      0       -1      -1      -1
1       1       1       1       0       0       0       0
-1      -1      0       0       0       -1      -1      -1
-1      -1      -1      0       0       0       -1      -1
-1      -1      -1      -1      -1      -1      -1      -1
-1      -1      -1      -1      -1      -1      -1      -1
-1      -1      -1      -1      -1      -1      -1      -1
Turn: 1
[2, 5, 33, 34, 43, 44, 45, 46]
Move taken: 43
1       0       -1      -1      0       -1      -1      -1
-1      1       -1      -1      0       -1      -1      -1
1       1       1       1       0       0       0       0
-1      -1      0       1       0       -1      -1      -1
-1      -1      -1      1       0       0       -1      -1
-1      -1      -1      1       -1      -1      -1      -1
-1      -1      -1      -1      -1      -1      -1      -1
-1      -1      -1      -1      -1      -1      -1      -1
Turn: 0
[8, 10, 25, 34, 42, 44, 50]
Move taken: 10
1       0       -1      -1      0       -1      -1      -1
-1      1       0       -1      0       -1      -1      -1
1       1       0       0       0       0       0       0
-1      -1      0       1       0       -1      -1      -1
-1      -1      -1      1       0       0       -1      -1
-1      -1      -1      1       -1      -1      -1      -1
-1      -1      -1      -1      -1      -1      -1      -1
-1      -1      -1      -1      -1      -1      -1      -1
Turn: 1
[2, 3, 11, 13, 14, 25, 29, 38, 45]
Move taken: 11
1       0       -1      -1      0       -1      -1      -1
-1      1       1       1       0       -1      -1      -1
1       1       0       1       0       0       0       0
-1      -1      0       1       0       -1      -1      -1
-1      -1      -1      1       0       0       -1      -1
-1      -1      -1      1       -1      -1      -1      -1
-1      -1      -1      -1      -1      -1      -1      -1
-1      -1      -1      -1      -1      -1      -1      -1
Turn: 0
[2, 8, 25, 34, 42, 44, 50]
Move taken: 8
1       0       -1      -1      0       -1      -1      -1
0       0       0       0       0       -1      -1      -1
1       0       0       1       0       0       0       0
-1      -1      0       1       0       -1      -1      -1
-1      -1      -1      1       0       0       -1      -1
-1      -1      -1      1       -1      -1      -1      -1
-1      -1      -1      -1      -1      -1      -1      -1
-1      -1      -1      -1      -1      -1      -1      -1
Turn: 1
[2, 3, 5, 13, 14, 25, 29, 33, 38, 45, 46]
Move taken: 2
1       1       1       -1      0       -1      -1      -1
0       1       0       0       0       -1      -1      -1
1       0       0       1       0       0       0       0
-1      -1      0       1       0       -1      -1      -1
-1      -1      -1      1       0       0       -1      -1
-1      -1      -1      1       -1      -1      -1      -1
-1      -1      -1      -1      -1      -1      -1      -1
-1      -1      -1      -1      -1      -1      -1      -1
Turn: 0
[24, 34, 42, 44, 50, 51]
Move taken: 51
1       1       1       -1      0       -1      -1      -1
0       1       0       0       0       -1      -1      -1
1       0       0       0       0       0       0       0
-1      -1      0       0       0       -1      -1      -1
-1      -1      -1      0       0       0       -1      -1
-1      -1      -1      0       -1      -1      -1      -1
-1      -1      -1      0       -1      -1      -1      -1
-1      -1      -1      -1      -1      -1      -1      -1
Turn: 1
[13, 25, 29, 34, 45, 46]
Move taken: 46
1       1       1       -1      0       -1      -1      -1
0       1       1       0       0       -1      -1      -1
1       0       0       1       0       0       0       0
-1      -1      0       0       1       -1      -1      -1
-1      -1      -1      0       0       1       -1      -1
-1      -1      -1      0       -1      -1      1       -1
-1      -1      -1      0       -1      -1      -1      -1
-1      -1      -1      -1      -1      -1      -1      -1
Turn: 0
[3, 24, 29, 38]
Move taken: 3
1       1       1       0       0       -1      -1      -1
0       1       0       0       0       -1      -1      -1
1       0       0       1       0       0       0       0
-1      -1      0       0       1       -1      -1      -1
-1      -1      -1      0       0       1       -1      -1
-1      -1      -1      0       -1      -1      1       -1
-1      -1      -1      0       -1      -1      -1      -1
-1      -1      -1      -1      -1      -1      -1      -1
Turn: 1
[5, 13, 14, 25, 29, 33, 34, 42, 44, 45, 59]
Move taken: 34
1       1       1       0       0       -1      -1      -1
0       1       1       0       0       -1      -1      -1
1       0       1       1       0       0       0       0
-1      -1      1       0       1       -1      -1      -1
-1      -1      1       1       1       1       -1      -1
-1      -1      -1      0       -1      -1      1       -1
-1      -1      -1      0       -1      -1      -1      -1
-1      -1      -1      -1      -1      -1      -1      -1
Turn: 0
[24, 25, 29, 33, 41, 42, 44, 45]
Move taken: 44
1       1       1       0       0       -1      -1      -1
0       1       1       0       0       -1      -1      -1
1       0       1       1       0       0       0       0
-1      -1      0       0       0       -1      -1      -1
-1      -1      1       0       0       1       -1      -1
-1      -1      -1      0       0       -1      1       -1
-1      -1      -1      0       -1      -1      -1      -1
-1      -1      -1      -1      -1      -1      -1      -1
Turn: 1
[5, 13, 24, 25, 29, 33, 45, 52, 58, 59]
Move taken: 13
1       1       1       0       0       -1      -1      -1
0       1       1       1       1       1       -1      -1
1       0       1       1       1       0       0       0
-1      -1      0       1       0       -1      -1      -1
-1      -1      1       0       0       1       -1      -1
-1      -1      -1      0       0       -1      1       -1
-1      -1      -1      0       -1      -1      -1      -1
-1      -1      -1      -1      -1      -1      -1      -1
Turn: 0
[5, 14, 24, 25, 30, 33, 38, 42, 55]
Move taken: 14
1       1       1       0       0       -1      -1      -1
0       0       0       0       0       0       0       -1
1       0       1       1       1       0       0       0
-1      -1      0       1       0       -1      -1      -1
-1      -1      1       0       0       1       -1      -1
-1      -1      -1      0       0       -1      1       -1
-1      -1      -1      0       -1      -1      -1      -1
-1      -1      -1      -1      -1      -1      -1      -1
Turn: 1
[5, 6, 25, 29, 33, 45, 52, 58, 59]
Move taken: 52
1       1       1       0       0       -1      -1      -1
0       0       0       0       0       0       0       -1
1       0       1       1       1       0       0       0
-1      -1      0       1       1       -1      -1      -1
-1      -1      1       0       1       1       -1      -1
-1      -1      -1      1       1       -1      1       -1
-1      -1      -1      0       1       -1      -1      -1
-1      -1      -1      -1      -1      -1      -1      -1
Turn: 0
[24, 25, 29, 30, 33, 38, 41, 42, 45, 53, 55, 60]
Move taken: 60
1       1       1       0       0       -1      -1      -1
0       0       0       0       0       0       0       -1
1       0       1       1       0       0       0       0
-1      -1      0       1       0       -1      -1      -1
-1      -1      1       0       0       1       -1      -1
-1      -1      -1      1       0       -1      1       -1
-1      -1      -1      0       0       -1      -1      -1
-1      -1      -1      -1      0       -1      -1      -1
Turn: 1
[5, 6, 25, 29, 33, 45, 58, 59, 61]
Move taken: 29
1       1       1       0       0       -1      -1      -1
0       0       0       1       0       0       0       -1
1       0       1       1       1       0       0       0
-1      -1      0       1       1       1       -1      -1
-1      -1      1       0       1       1       -1      -1
-1      -1      -1      1       0       -1      1       -1
-1      -1      -1      0       0       -1      -1      -1
-1      -1      -1      -1      0       -1      -1      -1
Turn: 0
[24, 25, 30, 33, 38, 41, 42, 45, 50, 55]
Move taken: 45
1       1       1       0       0       -1      -1      -1
0       0       0       1       0       0       0       -1
1       0       0       1       1       0       0       0
-1      -1      0       0       1       0       -1      -1
-1      -1      1       0       0       0       -1      -1
-1      -1      -1      1       0       0       1       -1
-1      -1      -1      0       0       -1      -1      -1
-1      -1      -1      -1      0       -1      -1      -1
Turn: 1
[5, 6, 7, 15, 25, 30, 33, 38, 42, 54, 59, 61]
Move taken: 15
1       1       1       0       0       -1      -1      -1
0       0       0       1       1       1       1       1
1       0       0       1       1       0       1       0
-1      -1      0       0       1       1       -1      -1
-1      -1      1       0       1       0       -1      -1
-1      -1      -1      1       0       0       1       -1
-1      -1      -1      0       0       -1      -1      -1
-1      -1      -1      -1      0       -1      -1      -1
Turn: 0
[5, 6, 7, 24, 25, 30, 31, 33, 41, 42, 47, 55]
Move taken: 5
1       1       1       0       0       0       -1      -1
0       0       0       1       0       0       0       1
1       0       0       0       1       0       1       0
-1      -1      0       0       1       1       -1      -1
-1      -1      1       0       1       0       -1      -1
-1      -1      -1      1       0       0       1       -1
-1      -1      -1      0       0       -1      -1      -1
-1      -1      -1      -1      0       -1      -1      -1
Turn: 1
[6, 7, 25, 31, 38, 42, 53, 54, 59, 61]
Move taken: 6
1       1       1       1       1       1       1       -1
0       0       0       1       0       1       1       1
1       0       0       0       1       0       1       0
-1      -1      0       0       1       1       -1      -1
-1      -1      1       0       1       0       -1      -1
-1      -1      -1      1       0       0       1       -1
-1      -1      -1      0       0       -1      -1      -1
-1      -1      -1      -1      0       -1      -1      -1
Turn: 0
[7, 24, 25, 30, 33, 41, 42, 47, 55]
Move taken: 7
1       1       1       1       1       1       1       0
0       0       0       1       0       1       0       0
1       0       0       0       1       0       1       0
-1      -1      0       0       1       1       -1      -1
-1      -1      1       0       1       0       -1      -1
-1      -1      -1      1       0       0       1       -1
-1      -1      -1      0       0       -1      -1      -1
-1      -1      -1      -1      0       -1      -1      -1
Turn: 1
[24, 25, 30, 33, 38, 42, 53, 54, 59, 61]
Move taken: 25
1       1       1       1       1       1       1       0
0       1       0       1       0       1       0       0
1       1       1       0       1       0       1       0
-1      1       1       1       1       1       -1      -1
-1      -1      1       0       1       0       -1      -1
-1      -1      -1      1       0       0       1       -1
-1      -1      -1      0       0       -1      -1      -1
-1      -1      -1      -1      0       -1      -1      -1
Turn: 0
[24, 30, 33, 42, 47, 50, 55]
Move taken: 42
1       1       1       1       1       1       1       0
0       1       0       1       0       1       0       0
1       1       0       0       1       0       1       0
-1      1       0       1       1       1       -1      -1
-1      -1      0       0       1       0       -1      -1
-1      -1      0       0       0       0       1       -1
-1      -1      -1      0       0       -1      -1      -1
-1      -1      -1      -1      0       -1      -1      -1
Turn: 1
[30, 33, 38, 41, 49, 50, 53, 54, 59, 61]
Move taken: 50
1       1       1       1       1       1       1       0
0       1       1       1       0       1       0       0
1       1       1       0       1       0       1       0
-1      1       1       1       1       1       -1      -1
-1      -1      1       0       1       0       -1      -1
-1      -1      1       1       0       0       1       -1
-1      -1      1       0       0       -1      -1      -1
-1      -1      -1      -1      0       -1      -1      -1
Turn: 0
[24, 30, 33, 41, 47, 49, 55, 57]
Move taken: 57
1       1       1       1       1       1       1       0
0       1       1       1       0       1       0       0
1       1       1       0       1       0       0       0
-1      1       1       1       1       0       -1      -1
-1      -1      1       0       0       0       -1      -1
-1      -1      1       0       0       0       1       -1
-1      -1      0       0       0       -1      -1      -1
-1      0       -1      -1      0       -1      -1      -1
Turn: 1
[30, 31, 38, 53, 54, 58, 59, 61]
Move taken: 53
1       1       1       1       1       1       1       0
0       1       1       1       0       1       0       0
1       1       1       0       1       1       0       0
-1      1       1       1       1       1       -1      -1
-1      -1      1       1       0       1       -1      -1
-1      -1      1       0       1       1       1       -1
-1      -1      0       0       0       1       -1      -1
-1      0       -1      -1      0       -1      -1      -1
Turn: 0
[24, 30, 33, 38, 39, 41, 47, 49, 54, 55, 62]
Move taken: 62
1       1       1       1       1       1       1       0
0       1       1       1       0       1       0       0
1       0       1       0       1       1       0       0
-1      1       0       1       1       1       -1      -1
-1      -1      1       0       0       1       -1      -1
-1      -1      1       0       0       1       1       -1
-1      -1      0       0       0       0       -1      -1
-1      0       -1      -1      0       -1      0       -1
Turn: 1
[24, 30, 31, 33, 58, 59, 61]
Move taken: 59
1       1       1       1       1       1       1       0
0       1       1       1       0       1       0       0
1       0       1       0       1       1       0       0
-1      1       0       1       1       1       -1      -1
-1      -1      1       1       0       1       -1      -1
-1      -1      1       1       0       1       1       -1
-1      -1      0       1       1       0       -1      -1
-1      0       -1      1       0       -1      0       -1
Turn: 0
[24, 30, 33, 38, 39, 41, 47, 49, 54, 55, 58]
Move taken: 30
1       1       1       1       1       1       1       0
0       1       1       1       0       1       0       0
1       0       1       0       1       0       0       0
-1      1       0       0       0       0       0       -1
-1      -1      1       1       0       0       -1      -1
-1      -1      1       1       0       1       1       -1
-1      -1      0       1       1       0       -1      -1
-1      0       -1      1       0       -1      0       -1
Turn: 1
[24, 31, 33, 38, 39, 41, 49, 54, 58, 61]
Move taken: 31
1       1       1       1       1       1       1       0
0       1       1       1       0       1       0       0
1       0       1       0       1       0       1       0
-1      1       1       1       1       1       1       1
-1      -1      1       1       0       0       -1      -1
-1      -1      1       1       0       1       1       -1
-1      -1      0       1       1       0       -1      -1
-1      0       -1      1       0       -1      0       -1
Turn: 0
[24, 33, 38, 39, 41, 47, 49, 54, 55, 58]
Move taken: 33
1       1       1       1       1       1       1       0
0       1       1       1       0       1       0       0
1       0       1       0       1       0       1       0
-1      0       0       1       1       1       1       1
-1      0       0       0       0       0       -1      -1
-1      -1      0       1       0       1       1       -1
-1      -1      0       0       1       0       -1      -1
-1      0       -1      1       0       -1      0       -1
Turn: 1
[24, 32, 40, 41, 49, 54, 58, 61]
Move taken: 58
1       1       1       1       1       1       1       0
0       1       1       1       0       1       0       0
1       0       1       0       1       0       1       0
-1      0       1       1       1       1       1       1
-1      0       1       0       0       1       -1      -1
-1      -1      1       1       1       1       1       -1
-1      -1      1       1       1       0       -1      -1
-1      0       1       1       0       -1      0       -1
Turn: 0
[24, 38, 39, 49, 54, 55, 61]
Move taken: 49
1       1       1       1       1       1       1       0
0       1       1       1       0       1       0       0
1       0       1       0       1       0       1       0
-1      0       1       1       1       1       1       1
-1      0       1       0       0       1       -1      -1
-1      -1      0       1       1       1       1       -1
-1      0       0       0       0       0       -1      -1
-1      0       1       1       0       -1      0       -1
Turn: 1
[24, 32, 40, 41, 56, 61]
Move taken: 41
1       1       1       1       1       1       1       0
0       1       1       1       0       1       0       0
1       1       1       0       1       0       1       0
-1      1       1       1       1       1       1       1
-1      1       1       0       0       1       -1      -1
-1      1       1       1       1       1       1       -1
-1      0       1       0       0       0       -1      -1
-1      0       1       1       0       -1      0       -1
Turn: 0
[24, 32, 38, 39, 40, 54, 55]
Move taken: 38
1       1       1       1       1       1       1       0
0       1       1       1       0       1       0       0
1       1       1       0       1       0       0       0
-1      1       1       1       1       1       0       1
-1      1       1       0       0       0       0       -1
-1      1       1       1       1       0       1       -1
-1      0       1       0       0       0       -1      -1
-1      0       1       1       0       -1      0       -1
Turn: 1
[39, 40, 47, 48, 54, 56, 61]
Move taken: 39
1       1       1       1       1       1       1       0
0       1       1       1       1       1       0       0
1       1       1       0       1       1       0       0
-1      1       1       1       1       1       1       1
-1      1       1       1       1       1       1       1
-1      1       1       1       1       0       1       -1
-1      0       1       0       0       0       -1      -1
-1      0       1       1       0       -1      0       -1
Turn: 0
[24, 40, 47, 54, 55]
Move taken: 40
1       1       1       1       1       1       1       0
0       1       1       1       1       1       0       0
1       1       1       0       1       1       0       0
-1      1       0       1       1       1       1       1
-1      0       1       1       1       1       1       1
0       0       0       0       0       0       1       -1
-1      0       1       0       0       0       -1      -1
-1      0       1       1       0       -1      0       -1
Turn: 1
[32, 48, 54, 56, 61]
Move taken: 61
1       1       1       1       1       1       1       0
0       1       1       1       1       1       0       0
1       1       1       0       1       1       0       0
-1      1       0       1       1       1       1       1
-1      0       1       1       1       1       1       1
0       0       0       1       0       1       1       -1
-1      0       1       0       1       1       -1      -1
-1      0       1       1       1       1       0       -1
Turn: 0
[24, 47, 54, 55]
Move taken: 54
1       1       1       1       1       1       1       0
0       1       1       1       1       1       0       0
1       1       1       0       1       1       0       0
-1      1       0       1       1       1       0       1
-1      0       1       1       1       1       0       1
0       0       0       1       0       1       0       -1
-1      0       1       0       0       0       0       -1
-1      0       1       1       1       1       0       -1
Turn: 1
[24, 32, 47, 48, 55, 56, 63]
Move taken: 55
1       1       1       1       1       1       1       0
0       1       1       1       1       1       0       0
1       1       1       0       1       1       0       0
-1      1       0       1       1       1       0       1
-1      0       1       1       1       1       0       1
0       0       0       1       0       1       1       -1
-1      0       1       1       1       1       1       1
-1      0       1       1       1       1       0       -1
Turn: 0
[24, 47]
Move taken: 47
1       1       1       1       1       1       1       0
0       1       1       1       1       1       0       0
1       1       1       0       1       1       0       0
-1      1       0       1       1       1       0       0
-1      0       1       1       1       1       0       0
0       0       0       1       0       0       0       0
-1      0       1       1       1       1       1       1
-1      0       1       1       1       1       0       -1
Turn: 1
[24, 32, 48, 56, 63]
Move taken: 56
1       1       1       1       1       1       1       0
0       1       1       1       1       1       0       0
1       1       1       0       1       1       0       0
-1      1       0       1       1       1       0       0
-1      0       1       1       1       1       0       0
0       0       1       1       0       0       0       0
-1      1       1       1       1       1       1       1
1       1       1       1       1       1       0       -1
Turn: 0
[24, 63]
Move taken: 24
1       1       1       1       1       1       1       0
0       1       1       1       1       1       0       0
0       1       1       0       1       1       0       0
0       0       0       1       1       1       0       0
-1      0       1       1       1       1       0       0
0       0       1       1       0       0       0       0
-1      1       1       1       1       1       1       1
1       1       1       1       1       1       0       -1
Turn: 1
[32, 48, 63]
Move taken: 32
1       1       1       1       1       1       1       0
1       1       1       1       1       1       0       0
1       1       1       0       1       1       0       0
1       1       0       1       1       1       0       0
1       1       1       1       1       1       0       0
0       1       1       1       0       0       0       0
-1      1       1       1       1       1       1       1
1       1       1       1       1       1       0       -1
Turn: 0
[63]
Move taken: 63
1       1       1       1       1       1       1       0
1       1       1       1       1       1       0       0
1       1       1       0       1       1       0       0
1       1       0       1       1       1       0       0
1       1       1       1       1       1       0       0
0       1       1       1       0       0       0       0
-1      1       1       1       1       1       0       0
1       1       1       1       1       1       0       0
Turn: 1
[48]
Move taken: 48
1       1       1       1       1       1       1       0
1       1       1       1       1       1       0       0
1       1       1       0       1       1       0       0
1       1       0       1       1       1       0       0
1       1       1       1       1       1       0       0
1       1       1       1       0       0       0       0
1       1       1       1       1       1       0       0
1       1       1       1       1       1       0       0
Turn: 0
[]
Turn: 1
[]
[19, 18, 17, 9, 1, 20, 21, 0, 26, 22, 23, 12, 37, 16, 4, 43, 10, 11, 8, 2, 51, 46, 3, 34, 44, 13, 14, 52, 60, 29, 45, 15, 5, 6, 7, 25, 42, 50, 57, 53, 62, 59, 30, 31, 33, 58, 49, 41, 38, 39, 40, 61, 54, 55, 47, 56, 24, 32, 63, 48]
1
